%AAD et al.
%ARXIV:1112.6297
%CERN-PH-EP-2011-192
%
%Inclusive jet PT distribution for the |y| range  0.0-0.3 and R=0.4.
%
%
%
%Location: T 5F 9
%RE : P P --> JET X
%
YRAP 0.0 0.3
SQRT 7000.0 
YEAR 2011
JETALGO ANTIKT
JETALGR 4
EXP ATLAS
label ATLAS 2010
%
%R : 0.4
%x-axis header: PT IN GEV
%y-axis header: D2(SIG)/DPT/DYRAP IN PB/GEV
%
%
% x	xlow	xhigh	y	dy+	dy-	dy+	dy-	dy+	dy-	
25. 20. 30.     4.7E6 40420. -40420. 944700.0000000001 -954100. 61100. -61100. 0 0
37.5  30.  45. 717000. 9536.1 -9536.1 121890. -116871. 7887.000000000001 -7887.000000000001 0 0
52.5  45.  60. 148000. 4484.4 -4484.4 18944. -17020. 1628.0000000000002 -1628.0000000000002 0 0
70.   60.  80. 38100. 419.1 -419.1 3962.4 -3848.1 381. -381. 0 0
95.   80. 110. 8520. 57.93600000000001 -57.93600000000001 894.6 -979.8000000000001 93.72000000000001 -93.72000000000001 0 0
135. 110. 160. 1480. 9.176 -9.176 146.52 -137.64000000000001 16.28 -16.28 0 0
185. 160. 210. 254. 1.7526 -1.7526 26.924 -25.146 2.7940000000000005 -2.7940000000000005 0 0
255. 210. 260. 63.4 0.57694 -0.57694 8.0518 -8.6858 0.6974 -0.6974 0 0
285. 260. 310. 20.7 0.17801999999999998 -0.17801999999999998 2.6289 -2.4219 0.207 -0.207 0 0
355. 310. 400. 5.96 0.061388000000000005 -0.061388000000000005 0.70328 -0.64368 0.0596 -0.0596 0 0
450. 400. 500. 1.33 0.026866 -0.026866 0.15561 -0.16093000000000002 0.013300000000000001 -0.013300000000000001 0 0
550. 500. 600. 0.347 0.0111734 -0.0111734 0.049621 -0.04545699999999999 0.0034699999999999996 -0.0034699999999999996 0 0
650. 600. 800. 0.0644 0.0036901200000000007 -0.0036901200000000007 0.0097888 -0.009273600000000002 0.000644 -0.000644 0 0
900. 800. 1000. 0.0101 0.0016867 -0.0016867 0.0018281000000000003 -0.0016564 0.000101 -0.000101 0 0
1100. 1000. 1200. 0.00114 0.0004252199999999999 -0.0004252199999999999 0.00025079999999999997 -0.00022799999999999999 0.0000114 -0.0000114 0 0
1200. 1500. 0.0004 0.0002344 -0.0002344 0.0001092 -0.0001008 4.E-6 -4.E-6 0 0
