%Path: /HepData/8075/d2-x1-y1
%Inclusive jet double-differential cross section as a function of jet transverse momentum in the |rapidity| range 0.5 to %1.0 using an anti-kT jet resolution parameter R of 0.5.
%Location: F 1
%ABS(YRAP) : 0.5 - 1.0
%R : 0.5
%RE : P P --> JET X
%Experiment: CERN-LHC-CMS (CMS)
%Published in PRL 107,132001 (DOI:10.1103/PhysRevLett.107.132001)
%Preprinted as CERN-PH-EP-2011-053
%Archived as: ARXIV:1106.0208
%Record in: INSPIRE
%Rivet Analysis: CMS_2011_S9086218
YRAP  0.5  1.0
SQRTS 7000.0 
YEAR 2011
JETALGO ANTIKT
JETALGR 5
EXP CMS
label CMC 2011
%x: PT IN GEV
%y : D2(SIG)/DPT/DYRAP IN PB/GEV :  
%x	xlow	xhigh	y	dy+	dy-	dy+	dy-	y	dy+	dy-	
19.4	18.0	21.0	1.91E7	+114600.0	-114600.0	+2616700.0	-2368400.0	
22.4	21.0	24.0	9820000.0	+78560.0	-78560.0	+1256960.0	-1148940.0
25.9	24.0	28.0	5040000.0	+50400.0	-50400.0	+619920.0	-564480.0
29.9	28.0	32.0	2500000.0	+35000.0	-35000.0	+295000.0	-270000.0
34.3	32.0	37.0	1320000.0	+22440.0	-22440.0	+151800.0	-139920.0
39.8	37.0	43.0	630000.0	+6300.0	-6300.0	+71820.0	-65520.0	
45.8	43.0	49.0	324000.0	+4536.0	-4536.0	+36612.0	-33696.0	
52.3	49.0	56.0	173000.0	+2941.0	-2941.0	+19549.0	-17992.0	
59.7	56.0	64.0	88800.0	+621.5999999999999	-621.5999999999999	+10034.400000000001	-9235.2	
68.6	64.0	74.0	44300.0	+398.7	-398.7	+5050.2	-4651.5	1
78.7	74.0	84.0	22300.0	+289.90000000000003	-289.90000000000003	+2586.7999999999997	-2386.1	
90.0	84.0	97.0	11300.0	+45.2	-45.2	+1333.4	-1220.4	1.05	+0.04410000000000001	-0.04410000000000001
104.8	97.0	114.0	5130.0	+30.779999999999998	-30.779999999999998	+620.7299999999999	-569.43	
122.7	114.0	133.0	2230.0	+6.69	-6.69	+278.75	-254.22000000000003	
142.3	133.0	153.0	1010.0	+4.04	-4.04	+131.29999999999998	-118.16999999999999	
162.8	153.0	174.0	481.0	+1.4429999999999998	-1.4429999999999998	+64.454	-58.20099999999999	
184.3	174.0	196.0	238.0	+1.19	-1.19	+33.082	-29.75	
207.2	196.0	220.0	122.0	+0.488	-0.488	+17.69	-15.738	
231.8	220.0	245.0	64.3	+0.3858	-0.3858	+9.7093	-8.616200000000001	
257.7	245.0	272.0	34.2	+0.171	-0.171	+5.403600000000001	-4.753800000000001
285.2	272.0	300.0	18.7	+0.1309	-0.1309	+3.0855	-2.6928	
314.2	300.0	330.0	10.1	+0.10099999999999999	-0.10099999999999999	+1.7371999999999999	-1.515	
345.1	330.0	362.0	5.74	+0.06888	-0.06888	+1.0332	-0.89544	
377.6	362.0	395.0	3.43	+0.05488000000000001	-0.05488000000000001	+0.64827	-0.55566	
411.6	395.0	430.0	1.88	+0.037599999999999995	-0.037599999999999995	+0.3741199999999999	-0.31771999999999995	
448.0	430.0	468.0	1.13	+0.028249999999999997	-0.028249999999999997	+0.23729999999999998	-0.20000999999999997	
486.5	468.0	507.0	0.591	+0.020685	-0.020685	+0.130611	-0.10933499999999999
526.5	507.0	548.0	0.379	+0.015918	-0.015918	+0.088307	-0.073526	
568.9	548.0	592.0	0.192	+0.010944	-0.010944	+0.047424	-0.038976000000000004	
613.8	592.0	638.0	0.132	+0.008844	-0.008844	+0.034452	-0.027984	
660.8	638.0	686.0	0.063	+0.005985	-0.005985	+0.017514000000000002	-0.014049	
732.7	686.0	790.0	0.0301	+0.0028294	-0.0028294	+0.0091203	-0.0071939	
1005.9	790.0	1684.0	0.00214	+2.5466E-4	-2.5466E-4	+7.896599999999999E-4	-5.927799999999999E-4

