NAME ATLAS_2012_diffcross_pTtop 
REACTION  P P --> top top
SQRTS  7000.0
YEAR 2013
JETALGO ANTIKT
JETALGR 4
framelogy
framelinx
EXP ATLAS
ERRORINPERCENT
NAME ATLAS_2012_diffcross_ptt_full
% default units are GeV and fb
unitxTeV
unitypb
normtot
dividedbybinwidth
label ATLAS Data 2013
%
%corrname atlas2012_5fb_top_ptt_ljet_corr.txt
%%% Leptonic measurement
label ATLAS 2013
titlex p_{T,top} [GeV]
titley 1/#sigma d#sigma/dp_{T,top} [1/TeV]
%
%http://cds.cern.ch/record/1600778/files/ATLAS-CONF-2013-099.pdf version 7
TABLEPLUSMINUS
SYSTCORRELATIONMATRIX
%%                      
Syst_jes           1.
Syst_jer           0. 1. 
Syst_leptonid      0. 0. 1. 
Syst_btagging      0. 0. 0. 1. 
Syst_ctag          0. 0. 0. 0. 1.  
Syst_midtagg       0. 0. 0. 0. 0. 1. 
Syst_lepton        0. 0. 0. 0. 0. 0. 1. 
Syst_etmisscellout 0. 0. 0. 0. 0. 0. 0. 1.
Syst_etmisspileup  0. 0. 0. 0. 0. 0. 0. 0. 1.
Syst_mcgenerator   0. 0. 0. 0. 0. 0. 0. 0. 0. 1. 
Syst_fragmentation 0. 0. 0. 0. 0. 0. 0. 0. 0. 0. 1. 
Syst_isrfsr        0. 0. 0. 0. 0. 0. 0. 0. 0. 0. 0. 1. 
Syst_pdf           0. 0. 0. 0. 0. 0. 0. 0. 0. 0. 0. 0. 1.
Syst_mcstat        0. 0. 0. 0. 0. 0. 0. 0. 0. 0. 0. 0. 0. 1. 
Syst_wjet          0. 0. 0. 0. 0. 0. 0. 0. 0. 0. 0. 0. 0. 0. 1.
%
% 
COLUMNNAME xm xlow xhigh dsigma/ptt statsigma  
25.    0.  50. 3.41    2.5
3.175 3.062
0.502 0.502
0.143 0.143
1.259 1.214
0.116 0.116
0.237 0.237
0.339 0.339
0.241 0.241
0.313 0.313
1.962 1.892
1.144 1.144
1.322 1.322
0.139 0.139
0.768 0.741
1.722 1.722
%
75.   50. 100. 6.72    0.90 
1.017 1.017
0.121 0.121
0.080 0.080
0.630 0.630
0.055 0.055
0.053 0.053
0.081 0.081
0.041 0.041
0.096 0.096
0.318 0.318
0.409 0.409
0.403 0.403
0.140 0.140
0.301 0.301
0.271 0.271
%
125. 100. 150. 5.22    1.70 
1.557 1.557 
0.560 0.560
0.061 0.061
0.292 0.292
0.056 0.056
0.120 0.120
0.227 0.227
0.230 0.230
0.225 0.225
1.000 1.000
0.255 0.255
1.048 1.065
0.035 0.035
0.472 0.472
0.613 0.613
%
175. 150. 200. 2.66    1.90 
2.210 2.210
0.365 0.365
0.120 0.120
1.171 1.171
0.017 0.017
0.123 0.123
0.154 0.154
0.172 0.172
0.136 0.136
0.963 0.947
0.917 0.917
1.271 1.250
0.162 0.162
0.604 0.604
0.800 0.800
%
225. 200. 250. 1.14    2.40 
2.234 2.042
0.713 0.713
0.100 0.100
1.908 1.744
0.125 0.125
0.084 0.084
0.218 0.218
0.267 0.244
0.159 0.145
0.493 0.493
1.348 1.232
0.443 0.443
0.449 0.449
0.855 0.781
1.096 1.002
%
300. 250. 350. 0.33    3.30
2.489 2.405
0.744 0.744
0.207 0.207
2.118 2.047
0.155 0.155
0.112 0.112
0.259 0.259
0.316 0.316
0.294 0.294
3.355 3.241
1.627 1.627
1.791 1.731
0.816 0.816
1.002 1.002
1.333 1.333
%
575. 350. 800. 0.018   6.10 
3.290 3.231
1.027 1.027
0.341 0.341
2.338 2.338
0.217 0.217
0.289 0.289
0.456 0.448
0.247 0.247
0.478 0.478
9.152 8.986
4.653 4.568
2.892 2.840
0.802 0.802
1.734 1.734
1.332 1.332
